Date,Time,Latitude,Longitude,Channel,RSSI,Adjusted Value,Antenna Gain,Cable Loss
06/10/2026,09:47:40:396,38.840557,-76.975367,1,-128.02,-128.02,0,0,
06/10/2026,09:47:40:477,38.840557,-76.975367,1,-127.64,-127.64,0,0,
06/10/2026,09:47:40:613,38.840557,-76.975367,1,-126.5,-126.5,0,0,
06/10/2026,09:47:40:727,38.840557,-76.975367,1,-126.47,-126.47,0,0,
06/10/2026,09:47:40:930,38.840557,-76.975367,1,-127.77,-127.77,0,0,
06/10/2026,09:47:41:236,38.840557,-76.975367,1,-127.74,-127.74,0,0,
06/10/2026,09:47:41:357,38.840557,-76.975367,1,-126.85,-126.85,0,0,
06/10/2026,09:47:41:516,38.840557,-76.975367,1,-128.02,-128.02,0,0,
06/10/2026,09:47:41:700,38.840557,-76.975367,1,-127.43,-127.43,0,0,
06/10/2026,09:47:41:923,38.840557,-76.975367,1,-127.47,-127.47,0,0,
06/10/2026,09:47:42:070,38.840557,-76.975367,1,-127,-127,0,0,
06/10/2026,09:47:42:235,38.840557,-76.975367,1,-127.36,-127.36,0,0,
06/10/2026,09:47:42:440,38.840557,-76.975367,1,-126.56,-126.56,0,0,
06/10/2026,09:47:42:637,38.840557,-76.975367,1,-126.24,-126.24,0,0,
06/10/2026,09:47:42:850,38.840557,-76.975367,1,-127.49,-127.49,0,0,
06/10/2026,09:47:43:091,38.840557,-76.975367,1,-127.16,-127.16,0,0,
06/10/2026,09:47:43:305,38.840557,-76.975367,1,-126.83,-126.83,0,0,
06/10/2026,09:47:43:458,38.840557,-76.975367,1,-127.73,-127.73,0,0,
06/10/2026,09:47:43:678,38.840557,-76.975367,1,-127.26,-127.26,0,0,
06/10/2026,09:47:43:881,38.840557,-76.975367,1,-126.08,-126.08,0,0,
06/10/2026,09:47:44:099,38.840557,-76.975367,1,-126.01,-126.01,0,0,
06/10/2026,09:47:44:308,38.840557,-76.975367,1,-128.05,-128.05,0,0,
06/10/2026,09:47:44:516,38.840557,-76.975367,1,-127.75,-127.75,0,0,
06/10/2026,09:47:44:724,38.840557,-76.975367,1,-126.29,-126.29,0,0,
06/10/2026,09:47:44:999,38.840557,-76.975367,1,-127.68,-127.68,0,0,
06/10/2026,09:47:45:216,38.840557,-76.975367,1,-127.88,-127.88,0,0,
06/10/2026,09:47:45:461,38.840557,-76.975367,1,-127.27,-127.27,0,0,
06/10/2026,09:47:45:702,38.840557,-76.975367,1,-126.46,-126.46,0,0,
06/10/2026,09:47:45:941,38.840557,-76.975367,1,-126.45,-126.45,0,0,
06/10/2026,09:47:46:189,38.840557,-76.975367,1,-127.74,-127.74,0,0,
06/10/2026,09:47:46:438,38.840557,-76.975367,1,-128.21,-128.21,0,0,
06/10/2026,09:47:46:738,38.840557,-76.975367,1,-126.16,-126.16,0,0,
06/10/2026,09:47:47:027,38.840557,-76.975367,1,-126.95,-126.95,0,0,
06/10/2026,09:47:47:150,38.840557,-76.975367,1,-126.44,-126.44,0,0,
06/10/2026,09:47:47:365,38.840557,-76.975367,1,-126.7,-126.7,0,0,
06/10/2026,09:47:47:607,38.840557,-76.975367,1,-127.74,-127.74,0,0,
06/10/2026,09:47:47:850,38.840557,-76.975367,1,-126.24,-126.24,0,0,
06/10/2026,09:47:48:071,38.840557,-76.975367,1,-127.36,-127.36,0,0,
06/10/2026,09:47:48:290,38.840557,-76.975367,1,-127.72,-127.72,0,0,
06/10/2026,09:47:48:502,38.840557,-76.975367,1,-126.98,-126.98,0,0,
06/10/2026,09:47:48:727,38.840557,-76.975367,1,-127.06,-127.06,0,0,
06/10/2026,09:47:48:972,38.840557,-76.975367,1,-126.81,-126.81,0,0,
06/10/2026,09:47:49:123,38.840557,-76.975367,1,-126.86,-126.86,0,0,
06/10/2026,09:47:49:333,38.840557,-76.975367,1,-126.91,-126.91,0,0,
06/10/2026,09:47:49:542,38.840557,-76.975367,1,-125.47,-125.47,0,0,
06/10/2026,09:47:49:748,38.840557,-76.975367,1,-127.07,-127.07,0,0,
06/10/2026,09:47:49:960,38.840557,-76.975367,1,-127.3,-127.3,0,0,
06/10/2026,09:47:50:169,38.840557,-76.975367,1,-126.97,-126.97,0,0,
06/10/2026,09:47:50:384,38.840557,-76.975367,1,-127.5,-127.5,0,0,
06/10/2026,09:47:50:589,38.840557,-76.975367,1,-125,-125,0,0,
06/10/2026,09:47:50:793,38.840557,-76.975367,1,-125.62,-125.62,0,0,
06/10/2026,09:47:51:004,38.840557,-76.975367,1,-126.87,-126.87,0,0,
06/10/2026,09:47:51:216,38.840557,-76.975367,1,-126.71,-126.71,0,0,
06/10/2026,09:47:51:420,38.840557,-76.975367,1,-127.52,-127.52,0,0,
06/10/2026,09:47:51:633,38.840557,-76.975367,1,-126.21,-126.21,0,0,
06/10/2026,09:47:52:131,38.840557,-76.975367,1,-126.21,-126.21,0,0,
06/10/2026,09:47:52:200,38.840557,-76.975367,1,-128.26,-128.26,0,0,
06/10/2026,09:47:52:276,38.840557,-76.975367,1,-125.68,-125.68,0,0,
06/10/2026,09:47:52:469,38.840557,-76.975367,1,-126.9,-126.9,0,0,
06/10/2026,09:47:52:669,38.840557,-76.975367,1,-126.91,-126.91,0,0,
06/10/2026,09:47:52:877,38.840557,-76.975367,1,-125.91,-125.91,0,0,
06/10/2026,09:47:53:091,38.840557,-76.975367,1,-126.25,-126.25,0,0,
06/10/2026,09:47:53:296,38.840557,-76.975367,1,-126.22,-126.22,0,0,
06/10/2026,09:47:53:502,38.840557,-76.975367,1,-124.92,-124.92,0,0,
06/10/2026,09:47:53:722,38.840557,-76.975367,1,-128.42,-128.42,0,0,
06/10/2026,09:47:53:928,38.840557,-76.975367,1,-126.17,-126.17,0,0,
06/10/2026,09:47:54:127,38.840557,-76.975367,1,-126.85,-126.85,0,0,
06/10/2026,09:47:54:376,38.840557,-76.975367,1,-126.73,-126.73,0,0,
06/10/2026,09:47:54:544,38.840557,-76.975367,1,-127.64,-127.64,0,0,
06/10/2026,09:47:54:758,38.840557,-76.975367,1,-125.06,-125.06,0,0,
06/10/2026,09:47:54:966,38.840557,-76.975367,1,-126.03,-126.03,0,0,
06/10/2026,09:47:55:170,38.840557,-76.975367,1,-126.64,-126.64,0,0,
06/10/2026,09:47:55:380,38.840557,-76.975367,1,-127.18,-127.18,0,0,
06/10/2026,09:47:55:585,38.840557,-76.975367,1,-126.21,-126.21,0,0,
06/10/2026,09:47:55:795,38.840557,-76.975367,1,-126.36,-126.36,0,0,
06/10/2026,09:47:56:051,38.840557,-76.975367,1,-128.18,-128.18,0,0,
06/10/2026,09:47:56:255,38.840557,-76.975367,1,-125.19,-125.19,0,0,
06/10/2026,09:47:56:421,38.840557,-76.975367,1,-127.14,-127.14,0,0,
06/10/2026,09:47:56:629,38.840557,-76.975367,1,-127.28,-127.28,0,0,
06/10/2026,09:47:56:839,38.840557,-76.975367,1,-127.05,-127.05,0,0,
06/10/2026,09:47:57:049,38.840557,-76.975367,1,-126.4,-126.4,0,0,
06/10/2026,09:47:57:579,38.840557,-76.975367,1,-125.82,-125.82,0,0,
06/10/2026,09:47:57:669,38.840557,-76.975367,1,-128.1,-128.1,0,0,
06/10/2026,09:47:57:891,38.840557,-76.975367,1,-127.72,-127.72,0,0,
06/10/2026,09:47:58:006,38.840557,-76.975367,1,-126.64,-126.64,0,0,
06/10/2026,09:47:58:164,38.840557,-76.975367,1,-126.55,-126.55,0,0,
06/10/2026,09:47:58:306,38.840557,-76.975367,1,-126.94,-126.94,0,0,
06/10/2026,09:47:58:507,38.840557,-76.975367,1,-127.28,-127.28,0,0,
06/10/2026,09:47:58:714,38.840557,-76.975367,1,-126.51,-126.51,0,0,
06/10/2026,09:47:58:927,38.840557,-76.975367,1,-127.79,-127.79,0,0,
06/10/2026,09:47:59:132,38.840557,-76.975367,1,-127.4,-127.4,0,0,
06/10/2026,09:47:59:339,38.840557,-76.975367,1,-126.5,-126.5,0,0,
06/10/2026,09:47:59:548,38.840557,-76.975367,1,-127.62,-127.62,0,0,
06/10/2026,09:47:59:766,38.840557,-76.975367,1,-126.19,-126.19,0,0,
06/10/2026,09:47:59:983,38.840557,-76.975367,1,-126.51,-126.51,0,0,
06/10/2026,09:48:00:182,38.840557,-76.975367,1,-126.14,-126.14,0,0,
06/10/2026,09:48:00:388,38.840557,-76.975367,1,-127.95,-127.95,0,0,
06/10/2026,09:48:00:599,38.840557,-76.975367,1,-128.01,-128.01,0,0,
06/10/2026,09:48:00:800,38.840557,-76.975367,1,-124.86,-124.86,0,0,
06/10/2026,09:48:01:031,38.840557,-76.975367,1,-127.41,-127.41,0,0,
06/10/2026,09:48:01:216,38.840557,-76.975367,1,-128.23,-128.23,0,0,
06/10/2026,09:48:01:431,38.840557,-76.975367,1,-126.68,-126.68,0,0,
06/10/2026,09:48:01:645,38.840557,-76.975367,1,-126.68,-126.68,0,0,
06/10/2026,09:48:01:932,38.840557,-76.975367,1,-125.51,-125.51,0,0,
06/10/2026,09:48:02:062,38.840557,-76.975367,1,-128.45,-128.45,0,0,
06/10/2026,09:48:02:258,38.840557,-76.975367,1,-125.82,-125.82,0,0,
06/10/2026,09:48:02:467,38.840557,-76.975367,1,-126.28,-126.28,0,0,
06/10/2026,09:48:02:684,38.840557,-76.975367,1,-127.06,-127.06,0,0,
06/10/2026,09:48:02:885,38.840557,-76.975367,1,-128.1,-128.1,0,0,
06/10/2026,09:48:03:091,38.840557,-76.975367,1,-127.11,-127.11,0,0,
06/10/2026,09:48:03:300,38.840557,-76.975367,1,-127.77,-127.77,0,0,
06/10/2026,09:48:03:509,38.840557,-76.975367,1,-126.43,-126.43,0,0,
06/10/2026,09:48:03:736,38.840557,-76.975367,1,-127,-127,0,0,
06/10/2026,09:48:03:937,38.840557,-76.975367,1,-127.8,-127.8,0,0,
06/10/2026,09:48:04:136,38.840557,-76.975367,1,-126.78,-126.78,0,0,
06/10/2026,09:48:04:343,38.840557,-76.975367,1,-126.01,-126.01,0,0,
06/10/2026,09:48:04:552,38.840557,-76.975367,1,-126.94,-126.94,0,0,
06/10/2026,09:48:04:760,38.840557,-76.975367,1,-128.6,-128.6,0,0,
06/10/2026,09:48:04:972,38.840557,-76.975367,1,-126.5,-126.5,0,0,
06/10/2026,09:48:05:179,38.840557,-76.975367,1,-127.64,-127.64,0,0,
06/10/2026,09:48:05:424,38.840557,-76.975367,1,-125.17,-125.17,0,0,
06/10/2026,09:48:05:639,38.840557,-76.975367,1,-127.74,-127.74,0,0,
06/10/2026,09:48:05:807,38.840557,-76.975367,1,-127.8,-127.8,0,0,
06/10/2026,09:48:06:012,38.840557,-76.975367,1,-126.98,-126.98,0,0,
06/10/2026,09:48:06:225,38.840557,-76.975367,1,-127.25,-127.25,0,0,
06/10/2026,09:48:06:428,38.840557,-76.975367,1,-127.47,-127.47,0,0,
06/10/2026,09:48:06:639,38.840557,-76.975367,1,-126.36,-126.36,0,0,
06/10/2026,09:48:06:845,38.840557,-76.975367,1,-128.22,-128.22,0,0,
06/10/2026,09:48:07:054,38.840557,-76.975367,1,-127.16,-127.16,0,0,
06/10/2026,09:48:07:265,38.840557,-76.975367,1,-126.36,-126.36,0,0,
06/10/2026,09:48:07:484,38.840557,-76.975367,1,-126.83,-126.83,0,0,
06/10/2026,09:48:07:680,38.840557,-76.975367,1,-127.19,-127.19,0,0,
06/10/2026,09:48:07:897,38.840557,-76.975367,1,-126.49,-126.49,0,0,
06/10/2026,09:48:08:106,38.840557,-76.975367,1,-128.22,-128.22,0,0,
06/10/2026,09:48:08:309,38.840557,-76.975367,1,-128.11,-128.11,0,0,
06/10/2026,09:48:08:513,38.840557,-76.975367,1,-126.8,-126.8,0,0,
06/10/2026,09:48:08:731,38.840557,-76.975367,1,-126.58,-126.58,0,0,
06/10/2026,09:48:08:983,38.840557,-76.975367,1,-127.72,-127.72,0,0,
06/10/2026,09:48:09:228,38.840557,-76.975367,1,-127.72,-127.72,0,0,
06/10/2026,09:48:09:418,38.840557,-76.975367,1,-126.04,-126.04,0,0,
06/10/2026,09:48:09:638,38.840557,-76.975367,1,-127.72,-127.72,0,0,
06/10/2026,09:48:09:861,38.840557,-76.975367,1,-126.17,-126.17,0,0,
06/10/2026,09:48:10:075,38.840557,-76.975367,1,-124.83,-124.83,0,0,
06/10/2026,09:48:10:283,38.840557,-76.975367,1,-127.63,-127.63,0,0,
06/10/2026,09:48:10:499,38.840557,-76.975367,1,-126.95,-126.95,0,0,
06/10/2026,09:48:10:701,38.840557,-76.975367,1,-127.46,-127.46,0,0,
06/10/2026,09:48:10:934,38.840557,-76.975367,1,-128.18,-128.18,0,0,
06/10/2026,09:48:11:116,38.840557,-76.975367,1,-125.9,-125.9,0,0,
06/10/2026,09:48:11:327,38.840557,-76.975367,1,-127.01,-127.01,0,0,
06/10/2026,09:48:11:533,38.840557,-76.975367,1,-126.95,-126.95,0,0,
06/10/2026,09:48:11:745,38.840557,-76.975367,1,-126.04,-126.04,0,0,
06/10/2026,09:48:11:954,38.840557,-76.975367,1,-127.33,-127.33,0,0,
06/10/2026,09:48:12:158,38.840557,-76.975367,1,-126.46,-126.46,0,0,
06/10/2026,09:48:12:371,38.840557,-76.975367,1,-128.01,-128.01,0,0,
06/10/2026,09:48:12:577,38.840557,-76.975367,1,-126.9,-126.9,0,0,
06/10/2026,09:48:12:795,38.840557,-76.975367,1,-126.59,-126.59,0,0,
06/10/2026,09:48:12:992,38.840557,-76.975367,1,-126.86,-126.86,0,0,
06/10/2026,09:48:13:202,38.840557,-76.975367,1,-126.69,-126.69,0,0,
06/10/2026,09:48:13:411,38.840557,-76.975367,1,-126.32,-126.32,0,0,
06/10/2026,09:48:13:623,38.840557,-76.975367,1,-126.9,-126.9,0,0,
06/10/2026,09:48:13:840,38.840557,-76.975367,1,-128.32,-128.32,0,0,
06/10/2026,09:48:14:037,38.840557,-76.975367,1,-127.66,-127.66,0,0,
06/10/2026,09:48:14:247,38.840557,-76.975367,1,-126.36,-126.36,0,0,
06/10/2026,09:48:14:456,38.840557,-76.975367,1,-126.59,-126.59,0,0,
06/10/2026,09:48:14:666,38.840557,-76.975367,1,-127.8,-127.8,0,0,
06/10/2026,09:48:14:917,38.840557,-76.975367,1,-126.92,-126.92,0,0,
06/10/2026,09:48:15:098,38.840557,-76.975367,1,-126.92,-126.92,0,0,
06/10/2026,09:48:15:291,38.840557,-76.975367,1,-127.24,-127.24,0,0,
06/10/2026,09:48:15:495,38.840557,-76.975367,1,-125.97,-125.97,0,0,
06/10/2026,09:48:15:703,38.840557,-76.975367,1,-127.15,-127.15,0,0,
06/10/2026,09:48:15:913,38.840557,-76.975367,1,-126.34,-126.34,0,0,
06/10/2026,09:48:16:129,38.840557,-76.975367,1,-125.68,-125.68,0,0,
06/10/2026,09:48:16:328,38.840557,-76.975367,1,-124.99,-124.99,0,0,
06/10/2026,09:48:16:543,38.840557,-76.975367,1,-126.12,-126.12,0,0,
06/10/2026,09:48:16:768,38.840557,-76.975367,1,-127.61,-127.61,0,0,
06/10/2026,09:48:16:954,38.840557,-76.975367,1,-126.35,-126.35,0,0,
06/10/2026,09:48:17:163,38.840557,-76.975367,1,-129,-129,0,0,
06/10/2026,09:48:17:370,38.840557,-76.975367,1,-127.41,-127.41,0,0,
06/10/2026,09:48:17:579,38.840557,-76.975367,1,-117.42,-117.42,0,0,
06/10/2026,09:48:17:792,38.840557,-76.975367,1,-126.07,-126.07,0,0,
06/10/2026,09:48:17:998,38.840557,-76.975367,1,-124.32,-124.32,0,0,
06/10/2026,09:48:18:205,38.840557,-76.975367,1,-127.39,-127.39,0,0,
06/10/2026,09:48:18:454,38.840557,-76.975367,1,-127.57,-127.57,0,0,
06/10/2026,09:48:18:638,38.840557,-76.975367,1,-127.62,-127.62,0,0,
06/10/2026,09:48:18:842,38.840557,-76.975367,1,-126.4,-126.4,0,0,
06/10/2026,09:48:19:055,38.840557,-76.975367,1,-124.1,-124.1,0,0,
06/10/2026,09:48:19:264,38.840557,-76.975367,1,-125.97,-125.97,0,0,
06/10/2026,09:48:19:468,38.840557,-76.975367,1,-126.35,-126.35,0,0,
06/10/2026,09:48:19:685,38.840557,-76.975367,1,-126.11,-126.11,0,0,
06/10/2026,09:48:19:893,38.840557,-76.975367,1,-127.27,-127.27,0,0,
06/10/2026,09:48:20:128,38.840557,-76.975367,1,-126.8,-126.8,0,0,
06/10/2026,09:48:20:308,38.840557,-76.975367,1,-126.43,-126.43,0,0,
06/10/2026,09:48:20:521,38.840557,-76.975367,1,-126.26,-126.26,0,0,
06/10/2026,09:48:20:728,38.840557,-76.975367,1,-125.52,-125.52,0,0,
06/10/2026,09:48:20:936,38.840557,-76.975367,1,-127.19,-127.19,0,0,
06/10/2026,09:48:21:146,38.840557,-76.975367,1,-127.41,-127.41,0,0,
06/10/2026,09:48:21:353,38.840557,-76.975367,1,-127.34,-127.34,0,0,
06/10/2026,09:48:21:570,38.840557,-76.975367,1,-126.94,-126.94,0,0,
06/10/2026,09:48:21:768,38.840557,-76.975367,1,-127.69,-127.69,0,0,
06/10/2026,09:48:21:980,38.840557,-76.975367,1,-126.04,-126.04,0,0,
06/10/2026,09:48:22:196,38.840557,-76.975367,1,-125.63,-125.63,0,0,
06/10/2026,09:48:22:398,38.840557,-76.975367,1,-125.57,-125.57,0,0,
06/10/2026,09:48:22:607,38.840557,-76.975367,1,-126.37,-126.37,0,0,
06/10/2026,09:48:22:816,38.840557,-76.975367,1,-128.12,-128.12,0,0,
06/10/2026,09:48:23:024,38.840557,-76.975367,1,-120.42,-120.42,0,0,
06/10/2026,09:48:23:227,38.840557,-76.975367,1,-126.82,-126.82,0,0,
06/10/2026,09:48:23:439,38.840557,-76.975367,1,-126.21,-126.21,0,0,
06/10/2026,09:48:23:649,38.840557,-76.975367,1,-126.24,-126.24,0,0,
06/10/2026,09:48:23:854,38.840557,-76.975367,1,-126.07,-126.07,0,0,
06/10/2026,09:48:24:107,38.840557,-76.975367,1,-126.28,-126.28,0,0,
06/10/2026,09:48:24:310,38.840557,-76.975367,1,-126.04,-126.04,0,0,
06/10/2026,09:48:24:482,38.840557,-76.975367,1,-127.84,-127.84,0,0,
06/10/2026,09:48:24:689,38.840557,-76.975367,1,-127.68,-127.68,0,0,
06/10/2026,09:48:24:897,38.840557,-76.975367,1,-125.54,-125.54,0,0,
06/10/2026,09:48:25:106,38.840557,-76.975367,1,-127,-127,0,0,
06/10/2026,09:48:25:335,38.840557,-76.975367,1,-127.24,-127.24,0,0,
06/10/2026,09:48:25:523,38.840557,-76.975367,1,-126.28,-126.28,0,0,
06/10/2026,09:48:25:732,38.840557,-76.975367,1,-127.21,-127.21,0,0,
06/10/2026,09:48:25:953,38.840557,-76.975367,1,-126.95,-126.95,0,0,
06/10/2026,09:48:26:147,38.840557,-76.975367,1,-127.9,-127.9,0,0,
06/10/2026,09:48:26:356,38.840557,-76.975367,1,-126.4,-126.4,0,0,
06/10/2026,09:48:26:563,38.840557,-76.975367,1,-126.71,-126.71,0,0,
06/10/2026,09:48:26:772,38.840557,-76.975367,1,-127.15,-127.15,0,0,
06/10/2026,09:48:26:980,38.840557,-76.975367,1,-127.24,-127.24,0,0,
06/10/2026,09:48:27:189,38.840557,-76.975367,1,-126.84,-126.84,0,0,
06/10/2026,09:48:27:398,38.840557,-76.975367,1,-125.89,-125.89,0,0,
06/10/2026,09:48:27:616,38.840557,-76.975367,1,-126.58,-126.58,0,0,
06/10/2026,09:48:29:043,38.840557,-76.975367,1,-126.73,-126.73,0,0,
06/10/2026,09:48:29:122,38.840557,-76.975367,1,-127.85,-127.85,0,0,
06/10/2026,09:48:29:249,38.840557,-76.975367,1,-126.08,-126.08,0,0,
06/10/2026,09:48:29:303,38.840557,-76.975367,1,-127.28,-127.28,0,0,
06/10/2026,09:48:29:366,38.840557,-76.975367,1,-128.13,-128.13,0,0,
06/10/2026,09:48:29:486,38.840557,-76.975367,1,-127.63,-127.63,0,0,
06/10/2026,09:48:29:587,38.840557,-76.975367,1,-127.28,-127.28,0,0,
06/10/2026,09:48:29:703,38.840557,-76.975367,1,-124.84,-124.84,0,0,
06/10/2026,09:48:29:825,38.840557,-76.975367,1,-126.33,-126.33,0,0,
06/10/2026,09:48:29:922,38.840557,-76.975367,1,-127.45,-127.45,0,0,
06/10/2026,09:48:29:975,38.840557,-76.975367,1,-127.67,-127.67,0,0,
06/10/2026,09:48:30:113,38.840557,-76.975367,1,-127.19,-127.19,0,0,
06/10/2026,09:48:30:317,38.840557,-76.975367,1,-127.36,-127.36,0,0,
06/10/2026,09:48:30:527,38.840557,-76.975367,1,-127.22,-127.22,0,0,
06/10/2026,09:48:30:734,38.840557,-76.975367,1,-126.13,-126.13,0,0,
06/10/2026,09:48:30:943,38.840557,-76.975367,1,-127.64,-127.64,0,0,
06/10/2026,09:48:31:150,38.840557,-76.975367,1,-127.91,-127.91,0,0,
06/10/2026,09:48:31:378,38.840557,-76.975367,1,-127.91,-127.91,0,0,
06/10/2026,09:48:31:597,38.840557,-76.975367,1,-127.62,-127.62,0,0,
06/10/2026,09:48:31:780,38.840557,-76.975367,1,-127.34,-127.34,0,0,
06/10/2026,09:48:31:986,38.840557,-76.975367,1,-127.09,-127.09,0,0,
06/10/2026,09:48:32:199,38.840557,-76.975367,1,-127.51,-127.51,0,0,
06/10/2026,09:48:32:407,38.840557,-76.975367,1,-126.84,-126.84,0,0,
06/10/2026,09:48:32:617,38.840557,-76.975367,1,-126.96,-126.96,0,0,
06/10/2026,09:48:32:826,38.840557,-76.975367,1,-126.3,-126.3,0,0,
06/10/2026,09:48:33:031,38.840557,-76.975367,1,-126.67,-126.67,0,0,
06/10/2026,09:48:33:277,38.840557,-76.975367,1,-126.47,-126.47,0,0,
06/10/2026,09:48:33:444,38.840557,-76.975367,1,-125.33,-125.33,0,0,
06/10/2026,09:48:33:653,38.840557,-76.975367,1,-126.75,-126.75,0,0,
06/10/2026,09:48:33:863,38.840557,-76.975367,1,-124.48,-124.48,0,0,
06/10/2026,09:48:34:069,38.840557,-76.975367,1,-127.48,-127.48,0,0,
06/10/2026,09:48:34:298,38.840557,-76.975367,1,-127.19,-127.19,0,0,
06/10/2026,09:48:34:486,38.840557,-76.975367,1,-128.24,-128.24,0,0,
06/10/2026,09:48:34:697,38.840557,-76.975367,1,-126.7,-126.7,0,0,
06/10/2026,09:48:34:904,38.840557,-76.975367,1,-126.56,-126.56,0,0,
06/10/2026,09:48:35:151,38.840557,-76.975367,1,-128.01,-128.01,0,0,
06/10/2026,09:48:35:321,38.840557,-76.975367,1,-127.41,-127.41,0,0,
06/10/2026,09:48:35:530,38.840557,-76.975367,1,-126.36,-126.36,0,0,
06/10/2026,09:48:35:739,38.840557,-76.975367,1,-127.47,-127.47,0,0,
06/10/2026,09:48:35:947,38.840557,-76.975367,1,-126.62,-126.62,0,0,
06/10/2026,09:48:36:160,38.840557,-76.975367,1,-126.8,-126.8,0,0,
06/10/2026,09:48:36:363,38.840557,-76.975367,1,-126.78,-126.78,0,0,
06/10/2026,09:48:36:572,38.840557,-76.975367,1,-125.94,-125.94,0,0,
06/10/2026,09:48:36:784,38.840557,-76.975367,1,-126.52,-126.52,0,0,
06/10/2026,09:48:37:016,38.840557,-76.975367,1,-127.05,-127.05,0,0,
06/10/2026,09:48:37:215,38.840557,-76.975367,1,-127.15,-127.15,0,0,
06/10/2026,09:48:37:409,38.840557,-76.975367,1,-126.66,-126.66,0,0,
06/10/2026,09:48:37:620,38.840557,-76.975367,1,-127.54,-127.54,0,0,
06/10/2026,09:48:37:824,38.840557,-76.975367,1,-126.31,-126.31,0,0,
06/10/2026,09:48:38:032,38.840557,-76.975367,1,-127.05,-127.05,0,0,
06/10/2026,09:48:38:241,38.840557,-76.975367,1,-127.57,-127.57,0,0,
06/10/2026,09:48:38:448,38.840557,-76.975367,1,-127.14,-127.14,0,0,
06/10/2026,09:48:38:662,38.840557,-76.975367,1,-126.82,-126.82,0,0,
06/10/2026,09:48:38:865,38.840557,-76.975367,1,-122.44,-122.44,0,0,
06/10/2026,09:48:39:087,38.840557,-76.975367,1,-127.33,-127.33,0,0,
06/10/2026,09:48:39:290,38.840557,-76.975367,1,-127.43,-127.43,0,0,
06/10/2026,09:48:39:502,38.840557,-76.975367,1,-126.9,-126.9,0,0,
06/10/2026,09:48:39:701,38.840557,-76.975367,1,-126.04,-126.04,0,0,
06/10/2026,09:48:39:907,38.840557,-76.975367,1,-125.27,-125.27,0,0,
06/10/2026,09:48:40:115,38.840557,-76.975367,1,-125.15,-125.15,0,0,
06/10/2026,09:48:40:325,38.840557,-76.975367,1,-126.54,-126.54,0,0,
06/10/2026,09:48:40:544,38.840557,-76.975367,1,-125.9,-125.9,0,0,
06/10/2026,09:48:40:745,38.840557,-76.975367,1,-124.86,-124.86,0,0,
06/10/2026,09:48:40:950,38.840557,-76.975367,1,-124.88,-124.88,0,0,
06/10/2026,09:48:41:158,38.840557,-76.975367,1,-127.49,-127.49,0,0,
06/10/2026,09:48:41:385,38.840557,-76.975367,1,-125.05,-125.05,0,0,
06/10/2026,09:48:41:580,38.840557,-76.975367,1,-125.58,-125.58,0,0,
06/10/2026,09:48:41:784,38.840557,-76.975367,1,-123.59,-123.59,0,0,
06/10/2026,09:48:41:998,38.840557,-76.975367,1,-114.11,-114.11,0,0,
06/10/2026,09:48:42:208,38.840557,-76.975367,1,-109.34,-109.34,0,0,
06/10/2026,09:48:42:415,38.840557,-76.975367,1,-116.02,-116.02,0,0,
06/10/2026,09:48:42:620,38.840557,-76.975367,1,-109.86,-109.86,0,0,
06/10/2026,09:48:42:858,38.840557,-76.975367,1,-113.66,-113.66,0,0,
06/10/2026,09:48:43:037,38.840557,-76.975367,1,-115.99,-115.99,0,0,
06/10/2026,09:48:43:257,38.840557,-76.975367,1,-112.82,-112.82,0,0,
06/10/2026,09:48:43:454,38.840557,-76.975367,1,-111.38,-111.38,0,0,
06/10/2026,09:48:43:670,38.840557,-76.975367,1,-113.16,-113.16,0,0,
06/10/2026,09:48:43:884,38.840557,-76.975367,1,-108.63,-108.63,0,0,
06/10/2026,09:48:44:080,38.840557,-76.975367,1,-113.59,-113.59,0,0,
06/10/2026,09:48:44:287,38.840557,-76.975367,1,-112.16,-112.16,0,0,
06/10/2026,09:48:44:549,38.840557,-76.975367,1,-115.27,-115.27,0,0,
06/10/2026,09:48:44:705,38.840557,-76.975367,1,-109.24,-109.24,0,0,
06/10/2026,09:48:44:914,38.840557,-76.975367,1,-118.94,-118.94,0,0,
06/10/2026,09:48:45:120,38.840557,-76.975367,1,-118.78,-118.78,0,0,
06/10/2026,09:48:45:329,38.840557,-76.975367,1,-117.8,-117.8,0,0,
06/10/2026,09:48:45:538,38.840557,-76.975367,1,-103.38,-103.38,0,0,
06/10/2026,09:48:45:747,38.840557,-76.975367,1,-103.84,-103.84,0,0,
06/10/2026,09:48:45:956,38.840557,-76.975367,1,-113.42,-113.42,0,0,
06/10/2026,09:48:46:165,38.840557,-76.975367,1,-105.44,-105.44,0,0,
06/10/2026,09:48:46:374,38.840557,-76.975367,1,-110.07,-110.07,0,0,
06/10/2026,09:48:46:582,38.840557,-76.975367,1,-115.73,-115.73,0,0,
06/10/2026,09:48:46:789,38.840557,-76.975367,1,-111.38,-111.38,0,0,
06/10/2026,09:48:46:999,38.840557,-76.975367,1,-106.43,-106.43,0,0,
06/10/2026,09:48:47:211,38.840557,-76.975367,1,-116.8,-116.8,0,0,
06/10/2026,09:48:47:414,38.840557,-76.975367,1,-106.14,-106.14,0,0,
06/10/2026,09:48:47:625,38.840557,-76.975367,1,-103.4,-103.4,0,0,
06/10/2026,09:48:47:838,38.840557,-76.975367,1,-98.1,-98.1,0,0,
06/10/2026,09:48:48:041,38.840557,-76.975367,1,-104.01,-104.01,0,0,
06/10/2026,09:48:48:293,38.840557,-76.975367,1,-103.81,-103.81,0,0,
06/10/2026,09:48:48:481,38.840557,-76.975367,1,-104.54,-104.54,0,0,
06/10/2026,09:48:48:666,38.840557,-76.975367,1,-108.78,-108.78,0,0,
06/10/2026,09:48:48:877,38.840557,-76.975367,1,-108.22,-108.22,0,0,
06/10/2026,09:48:49:082,38.840557,-76.975367,1,-110.47,-110.47,0,0,
06/10/2026,09:48:49:644,38.840557,-76.975367,1,-106.56,-106.56,0,0,
06/10/2026,09:48:49:740,38.840557,-76.975367,1,-102.32,-102.32,0,0,
06/10/2026,09:48:49:888,38.840557,-76.975367,1,-100.84,-100.84,0,0,
06/10/2026,09:48:50:115,38.840557,-76.975367,1,-105.39,-105.39,0,0,
06/10/2026,09:48:50:361,38.840557,-76.975367,1,-101.58,-101.58,0,0,
06/10/2026,09:48:50:455,38.840557,-76.975367,1,-102.96,-102.96,0,0,
06/10/2026,09:48:50:589,38.840557,-76.975367,1,-103.46,-103.46,0,0,
06/10/2026,09:48:50:751,38.840557,-76.975367,1,-99.18,-99.18,0,0,
06/10/2026,09:48:50:961,38.840557,-76.975367,1,-96.36,-96.36,0,0,
06/10/2026,09:48:51:172,38.840557,-76.975367,1,-87.25,-87.25,0,0,
06/10/2026,09:48:51:378,38.840557,-76.975367,1,-91.31,-91.31,0,0,
06/10/2026,09:48:51:587,38.840557,-76.975367,1,-93.08,-93.08,0,0,
06/10/2026,09:48:51:795,38.840557,-76.975367,1,-97.32,-97.32,0,0,
06/10/2026,09:48:52:008,38.840557,-76.975367,1,-94.45,-94.45,0,0,
06/10/2026,09:48:52:220,38.840557,-76.975367,1,-92.76,-92.76,0,0,
06/10/2026,09:48:52:419,38.840557,-76.975367,1,-100.26,-100.26,0,0,
06/10/2026,09:48:52:628,38.840557,-76.975367,1,-96.96,-96.96,0,0,
06/10/2026,09:48:52:837,38.840557,-76.975367,1,-92.1,-92.1,0,0,
06/10/2026,09:48:53:044,38.840557,-76.975367,1,-93.61,-93.61,0,0,
06/10/2026,09:48:53:254,38.840557,-76.975367,1,-98.26,-98.26,0,0,
06/10/2026,09:48:53:467,38.840557,-76.975367,1,-97.46,-97.46,0,0,
06/10/2026,09:48:53:674,38.840557,-76.975367,1,-91.47,-91.47,0,0,
06/10/2026,09:48:53:889,38.840557,-76.975367,1,-94.61,-94.61,0,0,
06/10/2026,09:48:54:090,38.840557,-76.975367,1,-96.36,-96.36,0,0,
06/10/2026,09:48:54:295,38.840557,-76.975367,1,-101.26,-101.26,0,0,
06/10/2026,09:48:54:506,38.840557,-76.975367,1,-92.49,-92.49,0,0,
06/10/2026,09:48:54:722,38.840557,-76.975367,1,-91.73,-91.73,0,0,
06/10/2026,09:48:54:923,38.840557,-76.975367,1,-86.72,-86.72,0,0,
06/10/2026,09:48:55:130,38.840557,-76.975367,1,-90.89,-90.89,0,0,
06/10/2026,09:48:55:340,38.840557,-76.975367,1,-93.54,-93.54,0,0,
06/10/2026,09:48:55:609,38.840557,-76.975367,1,-94.61,-94.61,0,0,
06/10/2026,09:48:55:757,38.840557,-76.975367,1,-90.5,-90.5,0,0,
06/10/2026,09:48:55:963,38.840557,-76.975367,1,-88.14,-88.14,0,0,
06/10/2026,09:48:56:172,38.840557,-76.975367,1,-92.89,-92.89,0,0,
06/10/2026,09:48:56:386,38.840557,-76.975367,1,-92.03,-92.03,0,0,
06/10/2026,09:48:56:595,38.840557,-76.975367,1,-90.43,-90.43,0,0,
06/10/2026,09:48:56:798,38.840557,-76.975367,1,-95.18,-95.18,0,0,
06/10/2026,09:48:57:011,38.840557,-76.975367,1,-99.19,-99.19,0,0,
06/10/2026,09:48:57:214,38.840557,-76.975367,1,-92.31,-92.31,0,0,
06/10/2026,09:48:57:427,38.840557,-76.975367,1,-92.17,-92.17,0,0,
06/10/2026,09:48:57:659,38.840557,-76.975367,1,-86.5,-86.5,0,0,
06/10/2026,09:48:57:845,38.840557,-76.975367,1,-88.43,-88.43,0,0,
06/10/2026,09:48:58:050,38.840557,-76.975367,1,-92.11,-92.11,0,0,
06/10/2026,09:48:58:262,38.840557,-76.975367,1,-84.99,-84.99,0,0,
06/10/2026,09:48:58:465,38.840557,-76.975367,1,-92.28,-92.28,0,0,
06/10/2026,09:48:58:683,38.840557,-76.975367,1,-85.75,-85.75,0,0,
06/10/2026,09:48:58:884,38.840557,-76.975367,1,-87.86,-87.86,0,0,
06/10/2026,09:48:59:094,38.840557,-76.975367,1,-93.53,-93.53,0,0,
06/10/2026,09:48:59:304,38.840557,-76.975367,1,-89.3,-89.3,0,0,
06/10/2026,09:48:59:559,38.840557,-76.975367,1,-87.88,-87.88,0,0,
06/10/2026,09:48:59:717,38.840557,-76.975367,1,-86.68,-86.68,0,0,
06/10/2026,09:48:59:926,38.840557,-76.975367,1,-85.81,-85.81,0,0,
06/10/2026,09:49:00:133,38.840557,-76.975367,1,-86.38,-86.38,0,0,
06/10/2026,09:49:00:343,38.840557,-76.975367,1,-88.4,-88.4,0,0,
06/10/2026,09:49:00:551,38.840557,-76.975367,1,-86.59,-86.59,0,0,
06/10/2026,09:49:00:758,38.840557,-76.975367,1,-82.96,-82.96,0,0,
06/10/2026,09:49:00:990,38.840557,-76.975367,1,-81.09,-81.09,0,0,
06/10/2026,09:49:01:178,38.840557,-76.975367,1,-78.57,-78.57,0,0,
06/10/2026,09:49:01:389,38.840557,-76.975367,1,-82.7,-82.7,0,0,
06/10/2026,09:49:01:593,38.840557,-76.975367,1,-86.84,-86.84,0,0,
06/10/2026,09:49:01:800,38.840557,-76.975367,1,-86.53,-86.53,0,0,
06/10/2026,09:49:02:009,38.840557,-76.975367,1,-83.34,-83.34,0,0,
06/10/2026,09:49:02:225,38.840557,-76.975367,1,-81.67,-81.67,0,0,
06/10/2026,09:49:02:455,38.840557,-76.975367,1,-91.41,-91.41,0,0,
06/10/2026,09:49:02:636,38.840557,-76.975367,1,-97.79,-97.79,0,0,
06/10/2026,09:49:02:847,38.840557,-76.975367,1,-94.91,-94.91,0,0,
06/10/2026,09:49:03:076,38.840557,-76.975367,1,-97.79,-97.79,0,0,
06/10/2026,09:49:03:307,38.840557,-76.975367,1,-95.08,-95.08,0,0,
06/10/2026,09:49:03:473,38.840557,-76.975367,1,-95.67,-95.67,0,0,
06/10/2026,09:49:03:679,38.840557,-76.975367,1,-94.03,-94.03,0,0,
06/10/2026,09:49:03:893,38.840557,-76.975367,1,-110.85,-110.85,0,0,
06/10/2026,09:49:04:095,38.840557,-76.975367,1,-94.46,-94.46,0,0,
06/10/2026,09:49:04:303,38.840557,-76.975367,1,-89.61,-89.61,0,0,
06/10/2026,09:49:04:514,38.840557,-76.975367,1,-89.01,-89.01,0,0,
06/10/2026,09:49:04:761,38.840557,-76.975367,1,-91.74,-91.74,0,0,
06/10/2026,09:49:04:961,38.840557,-76.975367,1,-92.93,-92.93,0,0,
06/10/2026,09:49:05:141,38.840557,-76.975367,1,-92.71,-92.71,0,0,
06/10/2026,09:49:05:345,38.840557,-76.975367,1,-94.86,-94.86,0,0,
06/10/2026,09:49:05:556,38.840557,-76.975367,1,-93.75,-93.75,0,0,
06/10/2026,09:49:05:764,38.840557,-76.975367,1,-91.84,-91.84,0,0,
06/10/2026,09:49:05:975,38.840557,-76.975367,1,-91.25,-91.25,0,0,
06/10/2026,09:49:06:180,38.840557,-76.975367,1,-92.3,-92.3,0,0,
06/10/2026,09:49:06:392,38.840557,-76.975367,1,-87.97,-87.97,0,0,
06/10/2026,09:49:06:598,38.840557,-76.975367,1,-91.27,-91.27,0,0,
06/10/2026,09:49:06:812,38.840557,-76.975367,1,-87.55,-87.55,0,0,
06/10/2026,09:49:07:025,38.840557,-76.975367,1,-94.02,-94.02,0,0,
06/10/2026,09:49:07:225,38.840557,-76.975367,1,-86.8,-86.8,0,0,
06/10/2026,09:49:07:434,38.840557,-76.975367,1,-90.59,-90.59,0,0,
06/10/2026,09:49:07:646,38.840557,-76.975367,1,-87.67,-87.67,0,0,
06/10/2026,09:49:07:850,38.840557,-76.975367,1,-84.73,-84.73,0,0,
06/10/2026,09:49:08:057,38.840557,-76.975367,1,-94.02,-94.02,0,0,
06/10/2026,09:49:08:267,38.840557,-76.975367,1,-85.69,-85.69,0,0,
06/10/2026,09:49:08:482,38.840557,-76.975367,1,-86.98,-86.98,0,0,
06/10/2026,09:49:08:756,38.840557,-76.975367,1,-89.39,-89.39,0,0,
06/10/2026,09:49:08:903,38.840557,-76.975367,1,-85.28,-85.28,0,0,
06/10/2026,09:49:09:109,38.840557,-76.975367,1,-86.68,-86.68,0,0,
06/10/2026,09:49:09:319,38.840557,-76.975367,1,-84.11,-84.11,0,0,
06/10/2026,09:49:09:529,38.840557,-76.975367,1,-82.07,-82.07,0,0,
06/10/2026,09:49:09:741,38.840557,-76.975367,1,-86.14,-86.14,0,0,
06/10/2026,09:49:09:945,38.840557,-76.975367,1,-91.53,-91.53,0,0,
06/10/2026,09:49:10:152,38.840557,-76.975367,1,-88.24,-88.24,0,0,
06/10/2026,09:49:10:366,38.840557,-76.975367,1,-79.95,-79.95,0,0,
06/10/2026,09:49:10:589,38.840557,-76.975367,1,-83.83,-83.83,0,0,
06/10/2026,09:49:10:783,38.840557,-76.975367,1,-86.33,-86.33,0,0,
06/10/2026,09:49:10:987,38.840557,-76.975367,1,-85.03,-85.03,0,0,
06/10/2026,09:49:11:198,38.840557,-76.975367,1,-85.67,-85.67,0,0,
06/10/2026,09:49:11:415,38.840557,-76.975367,1,-85.06,-85.06,0,0,
06/10/2026,09:49:11:628,38.840557,-76.975367,1,-87.84,-87.84,0,0,
06/10/2026,09:49:11:841,38.840557,-76.975367,1,-83.44,-83.44,0,0,
06/10/2026,09:49:12:053,38.840557,-76.975367,1,-77.59,-77.59,0,0,
06/10/2026,09:49:12:256,38.840557,-76.975367,1,-80.22,-80.22,0,0,
06/10/2026,09:49:12:520,38.840557,-76.975367,1,-85.5,-85.5,0,0,
06/10/2026,09:49:12:709,38.840557,-76.975367,1,-83.85,-83.85,0,0,
06/10/2026,09:49:12:883,38.840557,-76.975367,1,-70.94,-70.94,0,0,
06/10/2026,09:49:13:091,38.840557,-76.975367,1,-79.55,-79.55,0,0,
06/10/2026,09:49:13:323,38.840557,-76.975367,1,-78.08,-78.08,0,0,
06/10/2026,09:49:13:551,38.840557,-76.975367,1,-78.16,-78.16,0,0,
06/10/2026,09:49:13:777,38.840557,-76.975367,1,-74.27,-74.27,0,0,
06/10/2026,09:49:14:010,38.840557,-76.975367,1,-82.66,-82.66,0,0,
06/10/2026,09:49:14:240,38.840557,-76.975367,1,-87.61,-87.61,0,0,
06/10/2026,09:49:14:449,38.840557,-76.975367,1,-86.14,-86.14,0,0,
06/10/2026,09:49:14:655,38.840557,-76.975367,1,-94.4,-94.4,0,0,
06/10/2026,09:49:14:861,38.840557,-76.975367,1,-100.12,-100.12,0,0,
06/10/2026,09:49:15:079,38.840557,-76.975367,1,-96.65,-96.65,0,0,
06/10/2026,09:49:15:299,38.840557,-76.975367,1,-93.12,-93.12,0,0,
06/10/2026,09:49:15:519,38.840557,-76.975367,1,-95.51,-95.51,0,0,
06/10/2026,09:49:15:733,38.840557,-76.975367,1,-101.05,-101.05,0,0,
06/10/2026,09:49:15:961,38.840557,-76.975367,1,-106.36,-106.36,0,0,
06/10/2026,09:49:16:141,38.840557,-76.975367,1,-100.24,-100.24,0,0,
06/10/2026,09:49:16:352,38.840557,-76.975367,1,-96.54,-96.54,0,0,
06/10/2026,09:49:16:561,38.840557,-76.975367,1,-93.72,-93.72,0,0,
06/10/2026,09:49:16:781,38.840557,-76.975367,1,-94.93,-94.93,0,0,
06/10/2026,09:49:16:987,38.840557,-76.975367,1,-92.28,-92.28,0,0,
06/10/2026,09:49:17:197,38.840557,-76.975367,1,-98.29,-98.29,0,0,
06/10/2026,09:49:17:405,38.840557,-76.975367,1,-91.27,-91.27,0,0,
06/10/2026,09:49:17:612,38.840557,-76.975367,1,-97.11,-97.11,0,0,
06/10/2026,09:49:17:888,38.840557,-76.975367,1,-98.94,-98.94,0,0,
06/10/2026,09:49:18:040,38.840557,-76.975367,1,-90.13,-90.13,0,0,
06/10/2026,09:49:18:250,38.840557,-76.975367,1,-96.65,-96.65,0,0,
06/10/2026,09:49:18:457,38.840557,-76.975367,1,-88.26,-88.26,0,0,
06/10/2026,09:49:18:666,38.840557,-76.975367,1,-98.39,-98.39,0,0,
06/10/2026,09:49:18:874,38.840557,-76.975367,1,-99.06,-99.06,0,0,
06/10/2026,09:49:19:109,38.840557,-76.975367,1,-86.88,-86.88,0,0,
06/10/2026,09:49:19:292,38.840557,-76.975367,1,-83.44,-83.44,0,0,
06/10/2026,09:49:19:504,38.840557,-76.975367,1,-89.84,-89.84,0,0,
06/10/2026,09:49:19:708,38.840557,-76.975367,1,-87.07,-87.07,0,0,
06/10/2026,09:49:20:301,38.840557,-76.975367,1,-88.39,-88.39,0,0,
06/10/2026,09:49:20:387,38.840557,-76.975367,1,-103.04,-103.04,0,0,
06/10/2026,09:49:20:473,38.840557,-76.975367,1,-93.15,-93.15,0,0,
06/10/2026,09:49:20:546,38.840557,-76.975367,1,-96.12,-96.12,0,0,
06/10/2026,09:49:20:749,38.840557,-76.975367,1,-96.96,-96.96,0,0,
06/10/2026,09:49:20:959,38.840557,-76.975367,1,-91.67,-91.67,0,0,
06/10/2026,09:49:21:167,38.840557,-76.975367,1,-92.94,-92.94,0,0,
06/10/2026,09:49:21:377,38.840557,-76.975367,1,-91.94,-91.94,0,0,
06/10/2026,09:49:21:613,38.840557,-76.975367,1,-89.19,-89.19,0,0,
06/10/2026,09:49:21:797,38.840557,-76.975367,1,-83.6,-83.6,0,0,
06/10/2026,09:49:22:003,38.840557,-76.975367,1,-85.26,-85.26,0,0,
06/10/2026,09:49:22:214,38.840557,-76.975367,1,-88.05,-88.05,0,0,
06/10/2026,09:49:22:419,38.840557,-76.975367,1,-90.67,-90.67,0,0,
06/10/2026,09:49:22:626,38.840557,-76.975367,1,-87.95,-87.95,0,0,
06/10/2026,09:49:22:835,38.840557,-76.975367,1,-84.97,-84.97,0,0,
06/10/2026,09:49:23:045,38.840557,-76.975367,1,-88.7,-88.7,0,0,
06/10/2026,09:49:23:254,38.840557,-76.975367,1,-91.85,-91.85,0,0,
06/10/2026,09:49:23:461,38.840557,-76.975367,1,-88.2,-88.2,0,0,
06/10/2026,09:49:23:674,38.840557,-76.975367,1,-87.65,-87.65,0,0,
06/10/2026,09:49:23:878,38.840557,-76.975367,1,-93.31,-93.31,0,0,
06/10/2026,09:49:24:085,38.840557,-76.975367,1,-84.11,-84.11,0,0,
06/10/2026,09:49:24:303,38.840557,-76.975367,1,-84.15,-84.15,0,0,
06/10/2026,09:49:24:505,38.840557,-76.975367,1,-87.31,-87.31,0,0,
06/10/2026,09:49:24:716,38.840557,-76.975367,1,-83.19,-83.19,0,0,
06/10/2026,09:49:24:921,38.840557,-76.975367,1,-82.99,-82.99,0,0,
06/10/2026,09:49:25:133,38.840557,-76.975367,1,-88.93,-88.93,0,0,
06/10/2026,09:49:25:360,38.840557,-76.975367,1,-92.17,-92.17,0,0,
06/10/2026,09:49:25:568,38.840557,-76.975367,1,-90.8,-90.8,0,0,
06/10/2026,09:49:25:752,38.840557,-76.975367,1,-85.14,-85.14,0,0,
06/10/2026,09:49:25:963,38.840557,-76.975367,1,-88.79,-88.79,0,0,
06/10/2026,09:49:26:170,38.840557,-76.975367,1,-81.87,-81.87,0,0,
06/10/2026,09:49:26:381,38.840557,-76.975367,1,-84.47,-84.47,0,0,
06/10/2026,09:49:26:588,38.840557,-76.975367,1,-77.9,-77.9,0,0,
06/10/2026,09:49:26:802,38.840557,-76.975367,1,-87.62,-87.62,0,0,
06/10/2026,09:49:27:005,38.840557,-76.975367,1,-98.49,-98.49,0,0,
06/10/2026,09:49:27:271,38.840557,-76.975367,1,-100.79,-100.79,0,0,
06/10/2026,09:49:27:428,38.840557,-76.975367,1,-99.86,-99.86,0,0,
06/10/2026,09:49:27:639,38.840557,-76.975367,1,-102.62,-102.62,0,0,
06/10/2026,09:49:27:840,38.840557,-76.975367,1,-96.43,-96.43,0,0,
06/10/2026,09:49:28:067,38.840557,-76.975367,1,-95.53,-95.53,0,0,
06/10/2026,09:49:28:256,38.840557,-76.975367,1,-99.35,-99.35,0,0,
06/10/2026,09:49:28:466,38.840557,-76.975367,1,-101.81,-101.81,0,0,
06/10/2026,09:49:28:673,38.840557,-76.975367,1,-95.51,-95.51,0,0,
06/10/2026,09:49:28:883,38.840557,-76.975367,1,-98.52,-98.52,0,0,
06/10/2026,09:49:29:091,38.840557,-76.975367,1,-98.23,-98.23,0,0,
06/10/2026,09:49:29:356,38.840557,-76.975367,1,-100.31,-100.31,0,0,
06/10/2026,09:49:29:529,38.840557,-76.975367,1,-94.58,-94.58,0,0,
06/10/2026,09:49:29:742,38.840557,-76.975367,1,-92.32,-92.32,0,0,
06/10/2026,09:49:29:955,38.840557,-76.975367,1,-100.02,-100.02,0,0,
06/10/2026,09:49:30:190,38.840557,-76.975367,1,-102.92,-102.92,0,0,
06/10/2026,09:49:30:413,38.840557,-76.975367,1,-95.96,-95.96,0,0,
06/10/2026,09:49:30:651,38.840557,-76.975367,1,-92.69,-92.69,0,0,
06/10/2026,09:49:30:869,38.840557,-76.975367,1,-94.39,-94.39,0,0,
06/10/2026,09:49:31:078,38.840557,-76.975367,1,-101.58,-101.58,0,0,
06/10/2026,09:49:31:297,38.840557,-76.975367,1,-93.83,-93.83,0,0,
06/10/2026,09:49:31:502,38.840557,-76.975367,1,-95.76,-95.76,0,0,
06/10/2026,09:49:31:709,38.840557,-76.975367,1,-97.84,-97.84,0,0,
06/10/2026,09:49:31:927,38.840557,-76.975367,1,-110.22,-110.22,0,0,
06/10/2026,09:49:32:132,38.840557,-76.975367,1,-97.55,-97.55,0,0,
06/10/2026,09:49:32:344,38.840557,-76.975367,1,-91.87,-91.87,0,0,
06/10/2026,09:49:32:548,38.840557,-76.975367,1,-94.9,-94.9,0,0,
06/10/2026,09:49:32:789,38.840557,-76.975367,1,-93.86,-93.86,0,0,
06/10/2026,09:49:32:966,38.840557,-76.975367,1,-90.2,-90.2,0,0,
06/10/2026,09:49:33:182,38.840557,-76.975367,1,-95.17,-95.17,0,0,
06/10/2026,09:49:33:382,38.840557,-76.975367,1,-92.14,-92.14,0,0,
06/10/2026,09:49:33:593,38.840557,-76.975367,1,-98.79,-98.79,0,0,
06/10/2026,09:49:33:798,38.840557,-76.975367,1,-94.99,-94.99,0,0,
06/10/2026,09:49:34:016,38.840557,-76.975367,1,-100.87,-100.87,0,0,
06/10/2026,09:49:34:228,38.840557,-76.975367,1,-98.8,-98.8,0,0,
06/10/2026,09:49:34:458,38.840557,-76.975367,1,-91.48,-91.48,0,0,
06/10/2026,09:49:34:734,38.840557,-76.975367,1,-91.54,-91.54,0,0,
06/10/2026,09:49:34:892,38.840557,-76.975367,1,-92.74,-92.74,0,0,
06/10/2026,09:49:35:068,38.840557,-76.975367,1,-100.54,-100.54,0,0,
06/10/2026,09:49:35:279,38.840557,-76.975367,1,-84,-84,0,0,
06/10/2026,09:49:35:491,38.840557,-76.975367,1,-86.67,-86.67,0,0,
06/10/2026,09:49:35:695,38.840557,-76.975367,1,-70.07,-70.07,0,0,
06/10/2026,09:49:35:911,38.840557,-76.975367,1,-70.65,-70.65,0,0,
06/10/2026,09:49:36:114,38.840557,-76.975367,1,-72.82,-72.82,0,0,
06/10/2026,09:49:36:336,38.840557,-76.975367,1,-75.45,-75.45,0,0,
06/10/2026,09:49:36:587,38.840557,-76.975367,1,-81.93,-81.93,0,0,
06/10/2026,09:49:36:831,38.840557,-76.975367,1,-91.75,-91.75,0,0,
06/10/2026,09:49:37:054,38.840557,-76.975367,1,-89.76,-89.76,0,0,
06/10/2026,09:49:37:268,38.840557,-76.975367,1,-86.56,-86.56,0,0,
06/10/2026,09:49:37:486,38.840557,-76.975367,1,-93.01,-93.01,0,0,
06/10/2026,09:49:37:700,38.840557,-76.975367,1,-95.3,-95.3,0,0,
06/10/2026,09:49:37:905,38.840557,-76.975367,1,-84.62,-84.62,0,0,
